8.52093897771621
8.70088084236810
8.89998436381547
9.10906468536723
9.39873304281309
9.75337813697411
10.1302330355752
10.6406820609803
11.2781955867025
11.7753533860425
12.0440821889527
11.9833233880753
11.5232565925209
10.9522539767692
10.6235880905232
10.4994212950899
10.4405782014125
10.3162227159644
10.1717645020552
10.0655189012731
9.96766866915028
9.77457486497488
9.47403807127357
9.13789948267606
8.86555085278774
8.66647020281987
8.50887327324114
8.43594531329835
8.45869785473846
8.53453351331876
8.66651141578404
8.83739333883758
9.03064171769843
9.25391205646120
9.52952074315783
9.80927110452097
10.2144771291265
10.6728652585520
11.2482476512226
11.6579171152946
11.7949770715711
11.5029953955864
10.9435326145315
10.4772717785319
10.1510470102960
9.92095626435144
9.76338738936951
9.67972418007685
9.64146160961258
9.59658672789658
9.48273794514564
9.23076977643938
8.96793030651178
8.75415743993882
8.66319345725631