2.801341554799648, 3.311219510471846
2.0397880595788216, 4.606058955291905
3.242245332390005, 3.666020226798363
2.6045115557277443, 2.3321234417399825
2.304905023381769, 4.677250564102099
2.52958862561778, 4.606799424623297
3.1141333712520236, 1.0724013632143143
0.5551969038869078, 0.6881883517771289
-0.07721553484750843, 0.9720988764562226
2.100565553250715, 4.1838352669364856
-0.17402453734078727, 2.5449599131719443
1.7318449149696982, 1.8411971434714984
3.0147503200829755, 2.5539445779782577
2.5424866057639015, 4.168553233005337
1.4062948929660763, 1.2949577774002252
3.054474087179729, 4.100284326990978
2.5296238822918813, 1.4477212007323699
1.376166856557601, 4.720641028277246
2.7508158756515213, 3.8741731822101064
2.391121136151754, 2.676428987514826
0.8960358001615703, 0.885174551857836
1.2050660477683088, 1.737992405554635
-0.19118167637132305, 2.0144700901465207
3.2550552290126777, 4.341220734898371
2.3050582604598064, 1.2150825566719519
1.3026546110417858, 1.4337422810771496
2.2487643204687107, 4.35996397878956
0.12245945370438216, 1.0328858724594552
2.1302153162844117, 4.241259493061135
2.14227201284009, 2.8419380619052736
-0.21719306601172078, 2.3607036160910724
2.4519824639039243, 3.6300702070280306
-0.49590306596479544, 1.9695112169190805
2.2876804430959483, 4.500363546532375
2.138835647135659, 3.858429403247414
2.807331737222298, 3.5179064116512673
0.34077717776856997, 1.2967185756452477
-0.0975733169035784, 0.6869395503149358
-0.13032904370137122, 1.8187462265286753
2.9388612144615056, 4.047337442959426
2.852540541060516, 3.667957581960025
-0.2742555344279316, 1.4847560762243164
1.408214644647799, 1.1224293755031347
2.0579859960717757, 0.9143249104031317
3.072737004278797, 0.9810146749755305
2.044184910900375, 4.315274617789758
3.036077043367709, 4.32235711977323
2.4200471217307964, 3.058452570468735
2.4238414394458543, 4.755093148631715
2.9225833962079832, 2.1046019278703056
-0.2821861358978469, 1.7556670505862015
1.5742401188788737, 0.6960710710206474
2.443558692630524, 3.085833745180806
2.843901412076769, 4.073682457691177
3.285973501918998, 2.2301601698793214
2.781912997740804, 3.7832675517703844
3.0711716187764697, 3.5812950201942244
1.8256029240148532, 4.199774386820825
0.4296314794174316, 1.9104225188990032
1.991283742485937, 1.3789038937281775
2.0713864293230353, 0.989886989465466
0.44802874910141943, 1.7716271271569841
2.9129995310734325, 0.8547686181372798
-0.31305611637461134, 1.0488414415326766
1.402213236797164, 1.443020598847209
1.2376961934097577, 1.6083730946158679
3.3285107538930188, 4.388982058378167
0.7396272084813598, 1.8295869061222514
2.291551440452917, 1.3957481694792087
-0.4327265278705967, 0.8899448867601427
2.249992271719557, 3.4751884155897144
2.836869120627563, 3.295092574235811
2.0805840012863905, 1.735655087779128
2.796447963398321, 3.2547808904981785
2.0347533784828613, 1.6824750481915924
1.7356596851288428, 4.037889613038934
2.591059003365743, 4.408357310583327
2.8864706944112637, 3.7017330318498067
3.360878014130016, 4.207530316971077
3.3320699094107544, 0.6412223435048552
1.855415693971547, 4.150412392110855
2.59950885638173, 2.7902588611680876
2.5773560123893073, 1.0217792182446732
0.4533935988293325, 0.8975594765764151
-0.1393886167738051, 1.4770429614545095
2.962801396834628, 1.733723518341475
3.341280739843695, 1.0259921536521397
0.3258527183761225, 4.710877644979654
1.7385496934498483, 4.051827706405034
2.4267549718618247, 3.436595109046074
3.178499400075925, 2.056472129124992
3.1009505308958323, 0.9120135543335843
1.3888020535466745, 4.615323501409893
2.465185190247074, 3.4911406663566606
2.1576204704486726, 1.426102730514328
2.3699039519036322, 3.7448818597865094
2.4345983325783243, 4.206421650984854
-0.5134155685875013, 1.878414184051046
1.167161775622903, 1.4155910963290852
2.6979092239168274, 0.83684099378179
2.617681127710769, 4.54014507889986
2.2556039270643486, 2.7731145739489844
2.9075344026949628, 2.616158360826481
2.5554456939202312, 2.4939916782765126
2.9705741540524375, 1.5067314030682737
2.7833176950541842, 2.6639115871486307
3.045203909982379, 2.0768800674852077
0.3928800923008058, 1.0816725217536116
1.0380044871215717, 1.499476507224548
1.9395281277724783, 1.6344507679562938
-0.6322165226018419, 2.1358529374341737
2.0937731663038095, 0.6865662587538433
2.409964544200151, 1.003270523694743
-0.1071820980881254, 4.818643332729355
-0.2593445953283992, 1.9921383609997423
2.373971406976125, 4.64296358125959
2.0649278832659137, 0.6344508961948945
2.590686657452311, 3.5357038232599067
2.45459898466994, 1.8445097467356995
2.549401663403007, 4.393021035440594
1.5370532099790892, 1.7187473844661767
2.06129135387698, 0.7850691760505322
3.1576930106013616, 2.5912544363249435
0.6006871034178429, 4.822724878156507
2.4502393714636694, 4.720387059696849
1.464124298499596, 1.2793765297704858
1.8791939731087208, 4.510516199410668
2.9879475213264834, 3.958825214541781
2.1546463845261696, 3.512747806129872
3.2032638714341415, 1.8108319492007636
1.3343594692286054, 0.8396831163328575
0.9116790295423249, 1.8485215008855953
-0.039661141659241506, 2.0456273315746163
-0.21045864791586877, 1.5578660521156613
1.4764053562490351, 4.213697053753149
2.862837654760634, 3.721349586284078
1.5647421222788276, 1.4961214699268328
-0.5230037504293487, 1.1248624180103532
-0.6601272409934783, 1.5511719260607988
0.35293848788498483, 1.0728665562384687
2.244970821498401, 1.2406693032119724
3.369922659707113, 1.5102907440148141
2.872362353795946, 1.596640018729
0.6289434764199142, 1.9487226699323918
3.2336227432491427, 2.998949909183369
3.3577174828663816, 4.3032352937518645
0.6005546776368869, 1.7857584367012145
1.9714589604516208, 1.3334127569146728
3.279016492170605, 2.429213107538751
2.028487862688374, 4.095111003708215
3.0870233871914747, 2.7783516943821396
1.8493707945310132, 1.0750489842912616
0.3653837333422354, 0.9823633733162469
3.112535403712103, 1.4425777081412923
-0.5114360923193907, 2.212978706312674
2.291351882722796, 3.7566298627447097
2.747486332342584, 2.6191223506938672
2.5108021330064654, 2.8068378847235445
2.007249427471062, 1.6379300060939985
2.991344044336265, 1.3667770933229066
2.9905947771811743, 3.937615568358004
0.5230083988147027, 4.651746193235635
2.6602761266005253, 0.930252301669698
2.47041522222544, 4.5689069356912
2.642961110722182, 2.583357285902866
1.5839052863466974, 0.9646973267402305
3.1662481140313288, 3.7519585266072872
2.5154620612099015, 0.6512938531630679
1.4187118963154675, 1.3226547758162372
2.790642053725376, 1.2601422716242507
3.221526407132413, 2.4756523600066123
1.403343131128221, 4.7179571049183355
0.16199832533721925, 1.1084344671592956
3.2635686750097443, 4.160663316292412
1.7448634787052086, 0.6650788372468184
2.799144252362992, 3.207074965940014
-0.3320855959230571, 1.9473287566712736
3.0078829185997336, 0.8640732106631993
2.6062044893458234, 4.63233131234275
3.0012545876069057, 0.9567599372144441
2.267167292573494, 1.4202817438258157
0.5720926334003587, 1.8389364071830323
2.8936505771316208, 0.7233220437221077
3.273595109554541, 3.593889844005265
3.081021675528593, 3.4326477761742598
3.1424719042305567, 1.219657065944888
1.7099144081721394, 1.7081573293100614
3.145056989326397, 3.818103343041623
2.7770677924093565, 3.3133897181368352
2.498241386640373, 1.426387541924997
1.7169938502201185, 1.9189348140322773
3.089957134858105, 4.813809258815521
1.6864495872065774, 4.806505440616375
1.2425602231724944, 1.3852916544334342
3.0350430461014577, 3.157981391187401
1.8451370516554684, 1.1279504232160575
2.4610725000196343, 1.6317265599280057
2.90986189140384, 2.871858530595926
3.369037367645639, 2.4584687035752446
2.2854230030707017, 2.756549124966178
-0.5564976220922014, 0.7794992964007786
3.1304820477128974, 2.0463700594684178
3.370227718743682, 3.772160992801292
3.1463207662770287, 2.554747193563556
3.2332860720759617, 3.164217814330791
1.6929564536319648, 4.5205812143291535
2.136982626706092, 0.6210561248561304
2.670156155521747, 2.562842701015735
2.7145591911181395, 1.5884274967776641
0.6887629294195305, 0.9370836381124448
2.251886117795772, 2.740158681310264
2.93722407626397, 2.959214245815775
2.997059787148923, 3.6493249518121633
2.115420613741297, 0.6532081629144628
1.4417753388479617, 1.4459081321230807
1.8991701841324098, 1.5382050137476124
-0.4312616061039404, 2.271266341260434
2.965103322232027, 1.0922183673754176
2.7185476871834497, 0.6997182898002317
0.2943667427349401, 1.0189432146168582
2.7239400726164247, 3.4027179601761444
2.7915516266906906, 2.7474145569009085
2.215614596699413, 3.9005452705788555
-0.45049433161047925, 2.492962988009401
3.152207011574361, 2.53965209147744
-0.29321091307642655, 2.038369425238664
2.710899631224562, 1.3775941719590499
0.9602175757805291, 1.7401132456265944
0.3501024361679803, 4.761622740770312
-0.5083820819533507, 1.6908064514713141
1.682017820183147, 0.6699963391111204
2.5627480160053127, 2.1468968208228785
1.2126658580095753, 1.4267471202536979
2.6144131575498637, 1.0638774792317025
2.298547105353431, 4.360465221317982
1.4159880712398738, 1.5014905130152525
0.6367746899841111, 0.7424839966469917
-0.1547026813819039, 4.65311316891011
-0.408040369273731, 0.631847349742557
2.77698763095157, 4.091721245030758
2.15652233942828, 1.165964991350271
0.3164609569878859, 4.656114711393393
3.0760008078050873, 2.033416387756795
2.992425615001258, 0.8699232960235043
2.2524677298325955, 2.5973812874608235
-0.655675740189826, 1.4152680279603236
1.2233562321784823, 1.1674180828260994
0.7872243737304685, 1.8659310579263577
2.300175534013426, 4.122831561663459
3.042516800225706, 2.826004310913673
0.6633229850421516, 4.682018436820464
1.2313388650406094, 0.7924701472430463
1.9671636246186546, 0.9627410829080114
2.4383246652885173, 1.635351936445039
0.9467528718350999, 1.6604928739619145
3.21650841157117, 2.699740945082646
-0.3265366736033085, 0.943197315867464
3.2194692216659346, 3.317889386686143
0.8995552670878828, 1.2308414490045152
-0.5114512343913573, 1.675672049648965
0.4049663758044042, 1.8750121423484905
2.128668892476492, 1.7584701307507056
2.7735833219471075, 4.196213422705263
1.7969318195451869, 1.1574360680788038
2.895008308952522, 4.811511735266825
-0.3637951621129507, 4.640698891928091
3.166648075570664, 3.732599085650393
3.0081544069315465, 3.9615815068879594
1.8495650635247636, 4.594165819828886
1.757667831878276, 4.5299696290278035
2.7333840410215853, 4.152246878302369
3.2162818363499754, 0.8477614430901274
2.3596404541611244, 2.4432794965098434
3.2726512335731313, 3.965758463323205
3.187535687839577, 4.047016919395313
2.4508083650994985, 1.3903422812886956
3.2035762911400267, 1.1823879040822978
3.293143177684085, 4.40254016034495
2.47888356208252, 1.6073938459518178
3.358236989852297, 4.194264251594115
2.7852351840106246, 3.0481384045875943
-0.03209246530779075, 2.521411396701411
0.4240567126224344, 4.74612951777992
-0.5478068504218839, 0.9941801543285977
-0.5404802447983161, 2.449703434922828
-0.022176005741080362, 4.709913462396996
2.1558101902905626, 3.7945461081105027
-0.5166968562137741, 1.8202497531241795
2.4461163865497646, 1.5879395479408749
0.5909829712483083, 1.6016050227540792
2.5149933027332665, 3.949453350419876
0.9350122314391152, 1.8754950343962082
2.3820418134070103, 4.287908367202007
0.8736703729943331, 1.5401522133318357
2.764075415707871, 4.52690633851419
-0.03130516999443533, 4.749345620041147
0.23349737428405914, 1.5543001968949257
2.6247326105748865, 4.52041117584103
3.09109003355453, 3.60975814149511
-0.3103778042962401, 2.05199275709552
-0.027387355261732083, 1.3838508232636493
2.865231524865255, 3.7830164151003376
1.043741562568095, 1.6379452595275192
2.7994750622438502, 3.4802040148505218
3.137762512247951, 4.390563044072794
3.18662161585158, 4.75850673787437
0.6484407579918974, 0.9797518046979432
0.3367741916885918, 4.755451276764006
3.079921147194643, 2.110705437253656
2.371287501501037, 1.7976000913512198
3.2574582540311976, 2.284754634378662
0.13029643557903403, 1.3975259821231394
0.1994694629983721, 1.8841702449355864
2.762441569577926, 1.2403090168366993
-0.44866106071736284, 2.32945955116905
3.3028065863163407, 1.6856799227794108
3.1434581751019124, 2.430505712460363
2.8255647468753944, 1.2438846904003955
0.5356466118028274, 1.056255158468028
2.911302807588587, 2.1005464780339302
2.435925079821269, 1.7623831132752472
3.368984898130625, 4.507301754086113
3.249127551652953, 4.336832104655862
0.9048604602002797, 0.8088044660003556
0.7538173031942133, 0.8627054354977863
2.5645042654867867, 4.6458536569165645
1.3989928711950423, 1.2553682898688723
0.14095133110745195, 0.8511610082182547
-0.6462753342024234, 1.959664175932227
3.362638700971311, 3.4017690222273953
2.7846024675220438, 1.4144544764775384
2.3221370593801565, 1.9560254825167855
2.7242362100802247, 1.2475024198730205
1.1771272737907363, 4.647291731050222
-0.10867602633606377, 0.8722816332466619
2.879528672568293, 3.2496519506043042
2.017053798255011, 1.4097503860383007
2.236359068600853, 4.799196658908301
3.1897193856293793, 3.2706571795073285
-0.6532443051131614, 1.3813595878063305
2.216000932981708, 1.4370459641381421
2.181269719539081, 3.7191056402328164
2.545772256811521, 2.2789160185926747
3.0426305354161505, 4.766872393179897
3.172461319893901, 1.89953435655881
2.506334424873229, 4.7261492903808655
1.2092155987252375, 0.8207559078092361
-0.556270240745423, 1.7904544790290546
2.5395405089808314, 2.498515030165251
2.0657435253490917, 4.234977426093602
3.3732053583761354, 2.0042898598974532
-0.04062569989557707, 1.2239753225453236
2.8648917896044592, 4.770532191501301
1.243896523350464, 1.572413827770712
3.3671398324649306, 0.9787471643345436
3.348069875430552, 2.2394335559096534
2.910173981044122, 3.2804387897753697
1.2684288058860846, 0.8771622147934448
-0.1217143341335476, 1.6524282847508445
0.18488814847972646, 1.2869248915053548
2.233667427067809, 3.379756840690337
2.494128196771764, 4.137163078258429
1.8632182904883374, 0.8791890034569688
0.4063519091576764, 1.248527427445167
-0.08209632013515833, 1.6409413178132313
2.0940367046074053, 0.8983374846502548
2.9375341717846126, 3.3703477275423834
2.3395732799265847, 1.4120300769784324
-0.4283739215747036, 4.752306237948474
3.362162933053269, 4.797982403546866
2.1208455342989714, 1.4928800030624874
1.5455468344043195, 1.1313453992933127
2.2939268185113404, 2.848445315103914
2.168381161735204, 2.6539599436201184
2.3637146442396704, 4.818311589224731
1.7851860850100192, 0.8503655509451331
0.3645961595584777, 0.9132296973900256
-0.28677907783061746, 1.9455117747031014
0.905291633191343, 1.6476218603995876
-0.18295103634666865, 2.3005428296248605
2.3819786052067595, 4.0143928516108875
1.5512409926376176, 4.194700920148195
2.377418218149389, 1.2261440836358797
1.111742445742448, 1.9148837768438076
0.4722377472334631, 1.804875928640459
-0.24082201544048026, 1.8349686712367226
-0.452886042846649, 1.8492345051073722
2.594451082277761, 3.5421026166979335
0.8522663233230696, 1.007627091230059
1.3640995830406888, 0.8586625247460707
2.243139585574313, 4.3894973145672695
2.450374646913322, 4.514447887110494
3.051733940230349, 1.0618468130402912
0.3862192889698137, 0.8369850435171762
1.5994052500888294, 4.777432510354732
2.307908302674859, 2.360263566950049
2.808147245421279, 3.7526359449726185
1.6142549504627624, 4.053218861452725
2.286136115411426, 0.9574829133021361
2.370887600458933, 2.0436073776666213
2.7042284119790256, 2.832491273405936
3.1165675629602303, 4.14250948524918
1.0623114111295333, 1.6094231734546294
0.5497972711379024, 1.165407730561037
0.4077427923982204, 1.396654538682865
1.7137554736248986, 4.447632731160539
1.482086529402226, 0.8320204461595415
2.0392483549462312, 4.070638636494728
0.19882871300680205, 1.7191117510305685
3.1521982787524436, 2.943854806434582
2.1522056412931345, 2.280606169570652
0.697517669221762, 4.63752499933198
0.6950562488593244, 1.8791715742236965
3.176404657780589, 3.022049789616433
3.134863347300265, 2.2335518198581212
2.553565998539151, 0.9076950609599567
2.167101479408066, 2.289806636640125
1.7183475462339477, 4.601579410626465
2.5254251902580087, 2.7055579169434867
2.7556362720178846, 4.377840652739245
0.9649630429234195, 0.61634657351488
-0.018706083353111302, 2.374249171654096
0.548714468593754, 1.2493724031343976
1.6300990938421858, 1.0993021683263207
3.3623621022120336, 3.147561606642132
3.1836332739900968, 3.5495889537461607
0.6401147454759277, 1.1927620250354098
2.84319736322362, 1.485829990276388
2.8038436096628834, 2.3968731143542614
1.8391961786850246, 1.7673792402949482
2.274288719424314, 1.7208830695746637
-0.15192896329106143, 1.2853921030161217
0.798726523923438, 1.7700136530585184
2.7426168502635093, 1.4529644854910693
0.44864536554379186, 1.8241631374675602
-0.576541706080727, 0.808400661237157
1.9529425889966345, 4.4381215660650835
-0.5539062220606749, 2.124879170593071
2.430366362165164, 3.0997972865438954
-0.3161212423696124, 1.447941083503276
1.2712434151843073, 1.5087457219017706
2.552622468054568, 2.293060878283381
2.2900503049877656, 1.207947958503695
3.153921484730593, 3.637577012954439
2.838759162754963, 0.7298919676987652
-0.5768375761945896, 2.5433605299189077
2.842761950348713, 2.539497267974493
2.5426888064943203, 4.0447265008162745
2.4572898256694504, 4.637312606910793
2.848307041463128, 2.1694836834340867
2.932408586449605, 0.6739030034363549
-0.38396207420162837, 0.7259806456667488
3.1176930656950397, 0.769788688417117
-0.44074939142762415, 4.685828473487209
2.343633212093744, 2.8923813179370566
2.356773172773843, 2.4997332130075627
-0.6605814363244668, 2.3683011772863907
1.337558894575231, 0.6527557174468702
2.674775497208051, 4.727984946350636
1.3082326906634267, 0.7129595977019844
3.248089657880336, 1.164286336944965
2.691903151772304, 1.3281397439175362
1.163780351156429, 1.687914549019771
2.330399391620282, 3.864549890131673
-0.4043540672761555, 1.2878435627252083
2.5713253704768837, 4.284276611868206
3.020318998426064, 3.8151121429359605
-0.5251045847827893, 0.8428222194117029
2.4520681141707765, 2.064776989457612
0.9583384831317858, 1.0488997805371252
1.8613742364321226, 1.3104674487478944
2.273969609727539, 3.9058088594412412
2.316002361637528, 2.9821929955853737
2.3268967592125263, 1.463052559249709
2.8467528652666108, 2.190342425833875
0.1103087292564573, 1.8129304033486313
2.569047424596345, 0.8603286895482796
3.335576961255514, 4.760378904538037
3.0490117912103774, 0.9580185335071685
2.538973591558012, 2.1150848082585307
1.9027993060159976, 1.446962745587864
2.8109223593928467, 0.8850547788835477
-0.010760723286541984, 2.4665824818767574
2.256106823319876, 3.9948302920995378
2.6802165594634015, 2.3134013332988532
0.168897474147515, 0.7858298145515563
-0.24343452810757082, 1.8836965886823216
3.3736347387409786, 3.6653683528384833
2.5321217821547393, 4.408181310539515
3.3322058298626205, 1.9150537921315436
3.3448060797794605, 2.0043870026510344
2.5379964737420995, 3.910984193703549
0.9419799438777929, 1.8319050942854986
3.2766848128686776, 4.517820738256177
2.1443223503988786, 1.8173197513674808
2.5117203902302716, 1.3036001204405503
0.3935762958221516, 1.4839359853157759
1.923735094043123, 1.594048858389598
1.5513099772071246, 1.826779160503988
1.075321117638441, 0.7618299262632374
-0.3529808277284717, 2.3317423073435566
1.9943358416396417, 4.155140418294028
1.7120352269940862, 0.8499439318803186
0.1581677665620589, 0.6185217439586062
2.7060458067923037, 2.7519300057822083
3.04217001347686, 4.4350354779044165
1.203224325016199, 1.7359520962648307
-0.6538364759019509, 4.634381745773046
2.3506557091841884, 4.631946615730763
2.7335807510349115, 3.0375517941167822
2.3951557614749976, 4.02758603978715
1.9853307341399133, 4.130007842196974
-0.2761031589796792, 2.054088175318218
2.6836656038532567, 2.7634752693394233
-0.4320927368211879, 2.1398941331790886
3.2860577121900176, 1.0603378767853924
2.688296104282652, 0.8184830583273333
3.032232232659542, 0.9755461393543805
-0.5645998852167076, 2.345990328550662
1.678105195866909, 4.211235453048479
2.435277931780485, 2.892871404628334
3.366015568854717, 1.0659524706317094
2.0072403081443424, 1.256879510109998
0.13887061835087466, 1.0212705222494167
3.1610363567301967, 1.388044346927618
1.644193469141211, 4.811168993940589
3.07653308086857, 3.8955439906901783
2.8891913147329555, 1.994310359658016
0.021859169182779414, 0.6788537062321233
2.1047708012831023, 4.161386911669852
2.0741204196485636, 1.0953597066043952
-0.5970030103351072, 0.8124710053038523
1.6012366339794013, 4.212019862169484
0.7579946376653686, 4.7911289366120595
1.2535824068331822, 0.8023676359241094
-0.3055100614504151, 1.1089095145394376
2.4199544331344667, 3.2348674508650896
2.335739263392858, 3.8139114001551615
2.589242090623319, 1.9583728512368108
2.191049536884929, 3.046866807304036
0.9116998657679662, 1.4254278315955187
2.3474853247226806, 1.2610507090105192
0.5381009517979969, 0.8322291749301551
2.600019657516863, 3.025257390049914
2.750596457658129, 0.8431619327295724
1.707414053076042, 1.6669265842620664
1.8475429825384315, 1.6855787925248527
1.6628429825180866, 1.8947128826448485
1.6371069752774747, 4.017117762824512
2.2128690127235835, 2.2418580242856923
0.8024104385841204, 1.8428983656647089
1.999461986405995, 0.8543554195332519
2.567203512519222, 3.0733443126068156
2.6428640075328866, 1.3935106185045192
1.0243107713929582, 1.4456849481290226
2.984491995694829, 0.6816349259000701
-0.2208843302525592, 1.5038803806345309
2.7387576634836144, 3.857702223287884
2.891719064880056, 1.2757966749558378
1.7954170141319958, 4.8165327681403145
2.2566307265337757, 3.29419893409464
-0.6344356478256475, 0.796985238773437
3.091334016093639, 2.7316406888696765
3.0529339026154316, 2.347142263284746
0.8222162955707033, 1.4100321133341078
1.0915347344573518, 1.9578542005004311
1.9635014638479433, 1.8333776882413622
3.2829921168936362, 2.2965218207712743
2.564321888978921, 1.7610041950410829
2.643926634175079, 1.3614691946253656
0.7657785955373391, 0.9989011054308674
2.474279600553478, 2.1069817724117494
-0.07337905706283432, 2.2461639175943877
2.1001121992646565, 4.042071893941484
3.1494389642518863, 0.9993429585152375
3.3118487505894274, 2.2200693316962066
2.5185783598764635, 3.1587489517223175
-0.12393394846420769, 1.0646442571572308
3.234903352969181, 0.8094888608815757
2.6626022404294813, 0.610583311641875
1.947795680594208, 4.406585929253408
0.5412824415237616, 1.3810585132675417
1.769993876103406, 0.7385343366717962
2.7893727732885125, 0.9056047882469261
-0.20437154881500647, 1.6271777372462912
1.0160755478438515, 4.63092135241798
2.455513160776034, 1.5314320167471436
0.4052258952202217, 4.793919153166863
2.7586434205265924, 2.6226886118596036
3.1804837291238375, 3.814956028687987
0.8848557974373064, 4.721413497166971
3.1883014150636004, 3.4417676058004743
1.5192681443293512, 4.510918848345192
0.0026958860007025853, 4.766297541415282
0.9318872863071812, 1.20337790283639
2.9252119327617194, 2.9981447407722315
2.2160324925263524, 2.074858566117114
3.1856377811208434, 4.373830506097249
2.1739640704613388, 2.7552989723585792
3.141405187116667, 4.159490657619671
2.4175737993700936, 1.8166120470295304
1.5000305605148012, 1.6212480113675083
2.5943105788400844, 1.7967126773174609
-0.032039041184131034, 4.801685192281132
0.031010886737503074, 1.1345469944720392
2.642897204184834, 4.194586320988414
2.943668236319409, 2.2209995848991846
0.1385925434352765, 1.1469316633197628
1.1739660058036852, 0.918269935035568
1.4825745345000947, 1.7482388540808231
2.4580002530042977, 3.8882746136361415
2.468066512482875, 4.219293499454883
2.65612385965795, 1.2842080874945434
2.5449826977934613, 1.1772809083786822
-0.04091849882494014, 2.0861883633815297
2.261555335171196, 1.7470898537221264
2.6103029125734993, 0.8072238322678115
0.6908407467789657, 1.7415920802536928
3.152115091323819, 2.179897607984036
2.3240259332142807, 4.783451590709163
2.88452514142479, 3.6468868037970203
3.1335148597403224, 4.033969661044679
2.1144916297159133, 1.8533712760804575
1.7708882934656047, 1.3919166236477911
2.535386636441923, 4.6407911674980244
2.4568781224496528, 4.112107903351286
2.781650426853707, 2.322157472792929
2.4145826254927556, 1.1741663673464542
0.9514244147968136, 0.9184356406947565
0.04759370088932868, 1.364309333965699
2.236561136827012, 4.671133500308793
0.03910496969938926, 1.4181086979719904
-0.3820107455105785, 1.1513129727756342
1.319668610254061, 0.71257832750607
-0.35395425469430025, 1.387339406425443
3.045327496574094, 1.51650693079258
2.057821783334565, 1.1939135805488101
2.8401000936106584, 4.626340584856612
3.0121638068244234, 1.8916574009861813
2.5905653617771263, 1.396159017547852
2.8194494061679407, 1.7917853238407158
0.15369526270000744, 0.7868257844593303
2.753322880122707, 2.422668411653472
-0.4155413851749764, 1.383489039302797
2.231134695083533, 4.2965246520977
2.8022568457838384, 2.2176559243293728
2.657222645573758, 3.2040206608134256
2.0376437097663915, 4.6995612907027375
2.3355489908716516, 1.8489531758952509
2.3441461316442016, 3.9517407774969127
2.126936909779719, 1.6135105642285712
2.9891356744581667, 2.616757220565265
0.17254893065127863, 1.260716725997596
2.9125179594042674, 4.764199505727934
3.2115133630880646, 2.4759042681778514
1.611038741000691, 4.826730369160035
1.185274613272162, 1.1921133952221155
2.2237647193133085, 2.030578580829845
-0.2639966134271718, 0.630262113779442
2.9643841015442334, 1.0934039773201258
0.6548910237686361, 0.9348674982560037
2.226313106213343, 3.2785117864384707
2.9439037929153233, 4.659529520793834
2.7446614305567696, 3.349564487633946
2.3881192180902824, 1.924633992676381
1.2582867586702078, 1.084733772256798
1.5376132437859182, 1.1293884933233476
0.05048743460745109, 1.6990632746207213
0.5251884385355061, 1.4886228741802965
2.7799446473058245, 2.109212218317124
3.193266238044199, 1.8536696499280667
2.3603721717675006, 1.7610271681575083
0.6175900678741582, 0.7592559980632824
0.82553126710661, 0.6885647375263452
1.4213767421680024, 0.6888371406983291
-0.350291501038296, 1.590374565900832
2.7706199602442156, 1.4427242973734564
1.8461838461891162, 4.391343393900484
-0.5003656174331135, 4.663915766389183
2.804620562460829, 1.3027669253884018
2.192505165120469, 1.7360577463569185
3.339573949973194, 4.774161550537931
3.0562435099930374, 0.8338653945784297
2.254602886585129, 2.580449411189163
-0.48230552200838567, 1.3121114062895467
1.6750905240605325, 0.8684776671184642
2.1894296712265104, 2.074501068519845
1.2055760920081808, 4.603002150280298
2.380130531360984, 3.6676625823483335
2.083819289357705, 0.6656711170387432
3.039780680912978, 1.661353162576164
0.5976411767080443, 1.8852594833282914
3.3276226452198117, 4.236171944721263
2.999666928085732, 1.8734530033894097
2.658739716807486, 2.244551585770356
3.0548220177449243, 3.1073203277695534
3.355365783657221, 3.019454511997194
2.5229857811424434, 2.255250062307438
2.9649904830365488, 4.442871890754121
0.14288542263297532, 0.9879875750207762
1.7076203827004799, 1.887273087344365
1.1155138125847917, 1.5973227415952587
0.07807702607482914, 1.1652226640926706
-0.3791013401114428, 4.811558243115835
2.6470492240261745, 4.61335060041389
3.3356934108554332, 3.9131457333672124
2.595373537252935, 2.5824420174259703
0.37899476315050573, 4.7647825927162355
-0.49285827273623684, 1.7575290037527476
2.127338809351645, 4.121169408667134
2.9243342072997596, 3.210695730973826
2.5823268690455334, 1.411541084717809
1.646932515297767, 0.7832011849113063
0.1479717779050348, 1.638870467078726
3.2019045350326074, 3.136346068633622
2.2859307487785214, 2.244066657622136
0.2716396658599559, 1.3403336565436605
1.6454441840047347, 1.390369004142252
2.808185106110514, 4.150518183553302
1.990376400100956, 1.5053109360526902
-0.45503578955271917, 1.0379815976667268
2.360526313716643, 1.8699981431797574
2.3857900635725358, 4.810364633388742
3.109776740595068, 4.632175663566812
1.9395599889180535, 4.62807834499308
-0.3744030336589907, 2.417607350290705
3.1765992013539437, 0.7792282585023899
2.249315926306939, 4.7615965769577535
0.7509561309608037, 1.6362327118169884
2.78368668087359, 1.0344592447386032
2.2224634036434745, 3.2589929718896467
3.169042478476941, 0.6263854763071282
1.3684467833180245, 1.2968112843064867
-0.6628987268593726, 1.567131800679435
3.215229416811056, 4.431602264663462
2.2781888685096368, 1.9299936277158853
-0.58109394413835, 2.2600205260774797
1.9292431557920817, 0.6329342626751773
2.775170061572873, 3.543424109521629
2.92140429519623, 0.7432552444774119
0.23338843113410657, 4.774344323465403
3.16544505458232, 3.4473387100991264
2.9763709857187433, 4.639161033905811
2.5382042922594996, 4.346551369806891
3.3462174908838582, 1.8053042524377223
1.6662895345341708, 1.800228055508059
2.4969074836994407, 3.6496465658517185
2.5606239770348553, 4.2249059960194515
0.4001844597578774, 1.3237307384910681
1.0823531960389055, 1.6657812245951933
-0.4673028670637893, 1.2403428850664966
0.82971213310152, 1.5523538431574138
0.7124267542866878, 1.2297536113100551
-0.32807940248686696, 0.8850059826710052
1.1452906817444366, 0.6424036157140794
2.25675268321618, 1.6672918818813185
2.9469932023098853, 2.9093743556613334
2.385879484962051, 2.062414047072739
1.0266740644005898, 0.9006672862288501
3.306146129564376, 2.5067727960320845
2.368283424634087, 2.321934654669195
1.3123748200281729, 1.4761656444114921
0.09190919593538738, 0.633159398687174
1.6845201761982638, 1.7472693054959452
2.4104242952213824, 4.214994246258925
1.8893488932941087, 1.232899040671811
0.6854337504264694, 1.0581182284436115
-0.4889760193897702, 1.1572770792375158
1.3667032817506095, 1.4961000108750029
2.0421910119334097, 1.2527406773658645
2.1033624562419915, 1.6524152204777507
2.6451886624926555, 2.913589049925367
1.353304230532925, 4.750600488399407
2.418732969132698, 1.6232400575870058
0.1402099970753481, 1.7257544846583115
-0.07073355134055914, 1.9663604852997303
2.3103731167067663, 3.5357020535201324
1.2439411976933947, 1.378557824143546
2.3509248754298637, 2.9516932558517146
1.983248421471037, 4.092365042009204
-0.33971224019948576, 1.8590069627517585
0.05076822843776929, 1.3909834635162515
2.045158358203616, 4.597690589464108
1.4465286156467119, 1.5587819020124591
1.7924051703101391, 4.648161654588209
1.5246764339363559, 4.784541210444177
0.08444491155982159, 1.057564652901914
3.3158152809894466, 4.765567351713374
2.620210233498228, 1.921356230674528
-0.11199647167775229, 1.7515617672872352
1.1381116555570072, 0.7633887922269592
0.923536247866461, 1.3302126981332432
0.8268331272155438, 4.70956518174895
2.191040557282718, 3.9197399087071276
2.603866984908679, 0.8320860811916484
2.2409341404087133, 4.070718513750452
2.9511455157326845, 1.2754216712068194
-0.29371716833277184, 1.356453392421966
1.2881238024644484, 1.6062965648057799
2.3447010081055693, 1.6967978024923158
0.02862187011209061, 4.73280207656784
3.1875677488813556, 3.672079777997953
3.3452351944585743, 2.2951721303698327
0.8847218167931508, 1.2814168574514153
-0.607465508566658, 2.3081880755423407
3.371062115775973, 4.449799442659276
1.4488848577373818, 1.844389881858855
-0.6630983552021082, 1.8667417623634417
0.8009528761890641, 1.4537977848954813
2.071263181970175, 4.05330146799599
1.8132257018863671, 0.959727436081893
2.5839476417264002, 4.464743089654432
-0.3502415990089272, 1.7285152199556848
0.8486979764292, 1.2365349528862701
2.4978723155894276, 3.1485579019777328
2.8676250497198943, 3.1356687587144725
-0.2356878808809605, 2.2337108973458046
2.360599932885626, 1.5999017413153638
1.367621574760579, 4.684784909840419
3.174624946609346, 4.564578845600626
2.135081560424797, 1.27675578431964
3.0872853865017422, 1.729931393744292
0.7883517912743581, 1.4839660160596067
2.136464997775355, 3.1973667791463676
2.440434943296701, 2.067224574426123
2.7137116441035953, 3.6180141456751076
1.8586972242160307, 4.435690557700603
3.355215568525354, 2.8655344867456134
2.083819289357705, 0.6656711170387432
0.5720926334003587, 1.8389364071830323
2.9129995310734325, 0.8547686181372798
3.2336227432491427, 2.998949909183369
3.176404657780589, 3.022049789616433
0.7396272084813598, 1.8295869061222514
2.2900503049877656, 1.207947958503695
0.14095133110745195, 0.8511610082182547
2.3603721717675006, 1.7610271681575083
0.9318872863071812, 1.20337790283639
0.4533935988293325, 0.8975594765764151
1.2439411976933947, 1.378557824143546
2.5713253704768837, 4.284276611868206
-0.04062569989557707, 1.2239753225453236
2.9388612144615056, 4.047337442959426
0.798726523923438, 1.7700136530585184
1.707414053076042, 1.6669265842620664
-0.19118167637132305, 2.0144700901465207
-0.2761031589796792, 2.054088175318218
-0.5134155685875013, 1.878414184051046
2.552622468054568, 2.293060878283381
-0.03130516999443533, 4.749345620041147
2.4978723155894276, 3.1485579019777328
2.1208455342989714, 1.4928800030624874
1.757667831878276, 4.5299696290278035
-0.6630983552021082, 1.8667417623634417
0.17254893065127863, 1.260716725997596
2.330399391620282, 3.864549890131673
2.8467528652666108, 2.190342425833875
2.304905023381769, 4.677250564102099
0.031010886737503074, 1.1345469944720392
2.7846024675220438, 1.4144544764775384
1.678105195866909, 4.211235453048479
2.273969609727539, 3.9058088594412412
1.682017820183147, 0.6699963391111204
2.443558692630524, 3.085833745180806
3.1662481140313288, 3.7519585266072872
1.8632182904883374, 0.8791890034569688
-0.4043540672761555, 1.2878435627252083
0.08444491155982159, 1.057564652901914
3.079921147194643, 2.110705437253656
1.9395281277724783, 1.6344507679562938
2.300175534013426, 4.122831561663459
2.4175737993700936, 1.8166120470295304
3.079921147194643, 2.110705437253656
0.697517669221762, 4.63752499933198
2.4345983325783243, 4.206421650984854
3.1883014150636004, 3.4417676058004743
2.368283424634087, 2.321934654669195
0.23349737428405914, 1.5543001968949257
1.8256029240148532, 4.199774386820825
3.0760008078050873, 2.033416387756795
3.169042478476941, 0.6263854763071282
2.254602886585129, 2.580449411189163
1.482086529402226, 0.8320204461595415
2.9511455157326845, 1.2754216712068194
0.9514244147968136, 0.9184356406947565
3.2766848128686776, 4.517820738256177
1.4488848577373818, 1.844389881858855
0.1402099970753481, 1.7257544846583115
-0.13032904370137122, 1.8187462265286753
1.5647421222788276, 1.4961214699268328
0.1479717779050348, 1.638870467078726
1.4159880712398738, 1.5014905130152525
3.1434581751019124, 2.430505712460363
2.4508083650994985, 1.3903422812886956
3.169042478476941, 0.6263854763071282
2.65612385965795, 1.2842080874945434
0.4240567126224344, 4.74612951777992
3.21650841157117, 2.699740945082646
3.1836332739900968, 3.5495889537461607
2.6247326105748865, 4.52041117584103
2.7586434205265924, 2.6226886118596036
2.1522056412931345, 2.280606169570652
2.0392483549462312, 4.070638636494728
0.9318872863071812, 1.20337790283639
3.16544505458232, 3.4473387100991264
1.1155138125847917, 1.5973227415952587
-0.3502415990089272, 1.7285152199556848
1.7120352269940862, 0.8499439318803186
1.1739660058036852, 0.918269935035568
2.7706199602442156, 1.4427242973734564
0.9318872863071812, 1.20337790283639
1.1452906817444366, 0.6424036157140794
0.9467528718350999, 1.6604928739619145
1.678105195866909, 4.211235453048479
2.4502393714636694, 4.720387059696849
3.036077043367709, 4.32235711977323
1.5246764339363559, 4.784541210444177
2.911302807588587, 2.1005464780339302
1.8132257018863671, 0.959727436081893
2.3820418134070103, 4.287908367202007
1.4417753388479617, 1.4459081321230807
2.591059003365743, 4.408357310583327
2.0713864293230353, 0.989886989465466
2.136464997775355, 3.1973667791463676
2.762441569577926, 1.2403090168366993
3.1165675629602303, 4.14250948524918
2.1208455342989714, 1.4928800030624874
2.468066512482875, 4.219293499454883
2.590686657452311, 3.5357038232599067
2.3050582604598064, 1.2150825566719519
2.591059003365743, 4.408357310583327
-0.5970030103351072, 0.8124710053038523
2.244970821498401, 1.2406693032119724
-0.3055100614504151, 1.1089095145394376
1.2439411976933947, 1.378557824143546
3.152207011574361, 2.53965209147744
-0.2742555344279316, 1.4847560762243164
-0.018706083353111302, 2.374249171654096
3.0147503200829755, 2.5539445779782577
2.911302807588587, 2.1005464780339302
2.226313106213343, 3.2785117864384707
2.65612385965795, 1.2842080874945434
0.3258527183761225, 4.710877644979654
2.435925079821269, 1.7623831132752472
1.376166856557601, 4.720641028277246
-0.48230552200838567, 1.3121114062895467
0.1103087292564573, 1.8129304033486313
2.992425615001258, 0.8699232960235043
1.5370532099790892, 1.7187473844661767
-0.58109394413835, 2.2600205260774797
2.549401663403007, 4.393021035440594
2.6062044893458234, 4.63233131234275
1.7318449149696982, 1.8411971434714984
2.747486332342584, 2.6191223506938672
3.293143177684085, 4.40254016034495
2.1558101902905626, 3.7945461081105027
3.032232232659542, 0.9755461393543805
1.0380044871215717, 1.499476507224548
1.167161775622903, 1.4155910963290852
-0.655675740189826, 1.4152680279603236
-0.2821861358978469, 1.7556670505862015
-0.28677907783061746, 1.9455117747031014
-0.49590306596479544, 1.9695112169190805
1.990376400100956, 1.5053109360526902
1.3989928711950423, 1.2553682898688723
1.353304230532925, 4.750600488399407
0.1385925434352765, 1.1469316633197628
3.1875677488813556, 3.672079777997953
-0.2742555344279316, 1.4847560762243164
1.111742445742448, 1.9148837768438076
2.5296238822918813, 1.4477212007323699
2.215614596699413, 3.9005452705788555
2.8038436096628834, 2.3968731143542614
2.380130531360984, 3.6676625823483335
1.2313388650406094, 0.7924701472430463
2.335739263392858, 3.8139114001551615
1.8475429825384315, 1.6855787925248527
0.14095133110745195, 0.8511610082182547
2.911302807588587, 2.1005464780339302
1.4213767421680024, 0.6888371406983291
2.591059003365743, 4.408357310583327
3.1424719042305567, 1.219657065944888
2.691903151772304, 1.3281397439175362
2.65612385965795, 1.2842080874945434
2.843901412076769, 4.073682457691177
2.932408586449605, 0.6739030034363549
2.5296238822918813, 1.4477212007323699
0.9116790295423249, 1.8485215008855953
3.21650841157117, 2.699740945082646
1.1771272737907363, 4.647291731050222
3.0529339026154316, 2.347142263284746
-0.04091849882494014, 2.0861883633815297
3.0350430461014577, 3.157981391187401
-0.48230552200838567, 1.3121114062895467
2.9129995310734325, 0.8547686181372798
2.115420613741297, 0.6532081629144628
-0.19118167637132305, 2.0144700901465207
2.2556039270643486, 2.7731145739489844
2.181269719539081, 3.7191056402328164
2.594451082277761, 3.5421026166979335
